6 4 4 2
-847.161691
495.082465
510.120336
857.620303
502.201030
940.540495
341.634336
-832.737942
702.974614
-977.681693
417.683301
252.853462
674.169980
923.008165
585.838667
-949.834024
-319.134781
-676.705807
584.065579
-228.839842
581.143468
-206.601983
-469.452846
540.595562
-20.460776
-681.562236
-162.258316
-319.682687
894.596110
940.517433
64.214333
-167.616458
-509.707792
-846.389006
830.006489
-483.775391
-33.648280
-264.887296
803.569741
543.471314
690.129807
832.648176
757.605029
-808.482875
564.515869
640.562239
-56.656752
-206.057770
-385.295376
755.410058
55.140740
204.525421
961.611821
-920.484866
281.967302
-30.588205
-688.540429
947.406130
410.163586
-983.616085
-469.791092
385.119705
614.012934
-859.168172
733.104170
-986.657207
67.990620
-633.140417
517.409623
198.080661
132.181365
152.584734
724.086892
56.578108
-684.830577
248.723361
-587.115120
300.336350
-840.585700
-696.032574
-462.778613
139.720664
-657.727570
840.515711
566.474656
-652.049482
294.574224
-709.217738
-738.001188
880.567601
61.067559
24.489028
260.900238
443.523358
808.484715
-990.252704
-972.541141
945.442749
